1.0,0.7973246912406504,0.8113858990600731,0.6381738878126664,0.6211587454432097,0.5539793165312468,0.3144252971074701,0.3832933454513804,0.384263366682132,0.29968724287623427,0.23872350611384807,0.280634204618723,0.31217804221738277,0.2774406779299632,0.33064260207822804,0.33067168876408015,0.4761208929500759,0.30860427105711274,0.26514422349169897,0.2430436627136369,0.2638479310765882,0.26485820639801044,0.27125070591278333,0.18447385617957762
0.7973246912406504,1.0,0.618683318624808,0.7726349673565236,0.5406643971801188,0.6488025300011482,0.3314487369795017,0.33465104558138203,0.35776330624555575,0.2571233484797619,0.2140792238838713,0.2742120626745404,0.3116860483261732,0.3367263195930706,0.4038363020842236,0.361636880981416,0.4695949015399974,0.30774323910239604,0.2599420239913352,0.22402215016684612,0.27101210035064605,0.27106219192722636,0.2752805077290809,0.19629479621654447
0.8113858990600731,0.618683318624808,1.0,0.5039384592543414,0.7215948348295069,0.4679230586286966,0.3657688408526357,0.3978222551842595,0.4037747821536187,0.28397212726523924,0.24260085028887204,0.2334220995403736,0.28020769984820776,0.27114167502890896,0.30222630561314057,0.34395694650828856,0.4187304848110216,0.2714433385855455,0.23574026468419712,0.21552913828487397,0.23417405238665986,0.2172639577708752,0.23118275319097736,0.1805819992003711
0.6381738878126663,0.7726349673565236,0.5039384592543414,1.0,0.4610145867113085,0.7725645205507117,0.3236965142479482,0.327001591352224,0.3118276959134365,0.20768281856915083,0.2075219333793451,0.2721716581601549,0.3246361027606217,0.3467839667725456,0.4072668892373105,0.41216264317791884,0.5297324603278928,0.3556876477130966,0.28765379787191037,0.2385096802432518,0.28359165850833257,0.26933106334068285,0.2914267196046395,0.19772705200973606
0.6211587454432097,0.5406643971801188,0.7215948348295069,0.4610145867113085,1.0,0.45152721449781674,0.4648689912286498,0.5476343942964501,0.5157130739064104,0.34771614991613464,0.2810702993536997,0.2764615969340343,0.32662196524198195,0.3348033670802617,0.329008497020461,0.37863993606809765,0.4411628420228118,0.2941804789122717,0.2218085545161128,0.20439572371299708,0.18762166553253742,0.16838275719005322,0.2060689732935126,0.14067316541853297
0.5539793165312468,0.6488025300011482,0.46792305862869665,0.7725645205507117,0.45152721449781674,1.0,0.3524899754257693,0.3186505374549519,0.3222028552568055,0.24932497101840495,0.22180335213020608,0.31361413356339096,0.384735234560757,0.4588814141440495,0.5546761074852908,0.5373278514268072,0.6617553823392623,0.42431132015709394,0.3193629334621829,0.2889476066139556,0.3115274539526701,0.29535755973276784,0.2977744378889502,0.2138291631985533
0.31442529710747014,0.3314487369795017,0.36576884085263567,0.3236965142479482,0.4648689912286498,0.3524899754257693,1.0,0.4639535052272745,0.2780513834568231,0.2063752925844908,0.17108563549694855,0.1760960661024079,0.2508946668978568,0.3023981563247291,0.41441017817264014,0.29736002748729595,0.29351407373097294,0.20733123787331623,0.12615301517448096,0.10871681033399574,0.11520938493333653,0.10807604307270026,0.11217289747867774,0.09399249704658447
0.3832933454513804,0.3346510455813821,0.3978222551842595,0.32700159135222406,0.54763439429645,0.318650537454952,0.4639535052272745,1.0,0.5231229513133311,0.341190644313832,0.2524752591009148,0.2198528816842338,0.29432030796249575,0.31712564614337546,0.2982546277877977,0.33119308403099224,0.3490347868960979,0.24394981403855467,0.19127646609971471,0.17095281053372552,0.16167093817345057,0.1734509240747467,0.17937935553985362,0.1192126526834419
0.384263366682132,0.35776330624555575,0.4037747821536187,0.3118276959134365,0.5157130739064105,0.3222028552568055,0.2780513834568231,0.5231229513133311,1.0,0.6146757603744519,0.3557143797432183,0.285922055098321,0.3383913212623252,0.32999494554725006,0.273295431823499,0.33221126824865566,0.39329495514579893,0.3136865467001011,0.2257720199986859,0.17726763089329003,0.19515947001820058,0.16737916963458804,0.18411773170187787,0.14956031557852742
0.29968724287623427,0.2571233484797619,0.28397212726523924,0.20768281856915083,0.34771614991613464,0.24932497101840492,0.2063752925844908,0.34119064431383206,0.6146757603744519,1.0,0.546506875864853,0.23430392016568258,0.2798956867027069,0.28149033996106,0.23466810107325609,0.24218881089728628,0.32015404567882305,0.2611617935608236,0.2206297837215948,0.1437125524333503,0.15507442468338714,0.15555017946308008,0.17080244009348866,0.1129216996673546
0.23872350611384807,0.21407922388387132,0.24260085028887204,0.2075219333793451,0.2810702993536997,0.22180335213020608,0.17108563549694855,0.25247525910091473,0.3557143797432183,0.546506875864853,1.0,0.22066175839021812,0.2499967953610573,0.2521490815277716,0.17330071233495098,0.22250671892083682,0.2587572091851553,0.24476628557666455,0.19188514722283917,0.1608560972708667,0.15855540212632493,0.17134139628519177,0.15688331651085835,0.12174264705731128
0.280634204618723,0.2742120626745404,0.23342209954037357,0.2721716581601549,0.2764615969340343,0.31361413356339096,0.17609606610240788,0.21985288168423378,0.285922055098321,0.23430392016568258,0.22066175839021812,1.0,0.7005948292587483,0.49241114247891027,0.3540707635893418,0.37651055756550367,0.4186141541829822,0.44452397745148897,0.35335886767000724,0.3045186597354812,0.29627134769011243,0.33554200702940323,0.34698388313947015,0.23710139475097403
0.3121780422173827,0.3116860483261732,0.2802076998482078,0.32463610276062177,0.32662196524198195,0.384735234560757,0.2508946668978568,0.29432030796249575,0.3383913212623252,0.27989568670270687,0.2499967953610573,0.7005948292587483,1.0,0.6920898239822624,0.45021648525015434,0.48351874869798384,0.569403863854052,0.5155543054491099,0.3981104395407498,0.3568404375145971,0.3644557405717727,0.3861903893066625,0.4153645165756803,0.2700801272004869
0.2774406779299632,0.3367263195930706,0.27114167502890896,0.34678396677254564,0.3348033670802617,0.4588814141440495,0.30239815632472905,0.31712564614337546,0.32999494554725006,0.28149033996106,0.2521490815277716,0.49241114247891027,0.6920898239822624,1.0,0.6288706838857752,0.5862366706224557,0.4918475247038415,0.4656404737791897,0.3713813541525748,0.32095253964073567,0.3162268010684427,0.33359307129605603,0.3472471058492447,0.2189053893672248
0.33064260207822804,0.40383630208422366,0.3022263056131406,0.4072668892373106,0.329008497020461,0.554676107485291,0.41441017817264014,0.2982546277877977,0.273295431823499,0.23466810107325606,0.17330071233495098,0.3540707635893418,0.45021648525015434,0.628870683885775,1.0,0.5989689472181594,0.4574851101448122,0.3838214659310394,0.2784134000640667,0.2399505333074292,0.260953621588725,0.2600976841460799,0.27117374522659016,0.1835492671700807
0.33067168876408015,0.361636880981416,0.34395694650828856,0.41216264317791884,0.37863993606809754,0.5373278514268072,0.297360027487296,0.33119308403099224,0.33221126824865566,0.24218881089728628,0.22250671892083682,0.37651055756550367,0.48351874869798384,0.5862366706224558,0.5989689472181593,1.0,0.624708493921484,0.6181328448391401,0.4649487874141447,0.41995889766681604,0.41814875822705444,0.3632106557928581,0.3769447859513101,0.3099225291697142
0.476120892950076,0.4695949015399974,0.41873048481102165,0.5297324603278928,0.4411628420228118,0.6617553823392623,0.29351407373097294,0.34903478689609785,0.39329495514579893,0.3201540456788231,0.2587572091851553,0.4186141541829822,0.569403863854052,0.4918475247038415,0.4574851101448122,0.6247084939214841,1.0,0.6479556607913729,0.4664536378205161,0.39612505488874183,0.41082490204734917,0.3842768410694798,0.41147014331327963,0.3135798648271658
0.30860427105711274,0.3077432391023961,0.2714433385855455,0.3556876477130966,0.2941804789122717,0.424311320157094,0.20733123787331623,0.24394981403855467,0.3136865467001011,0.2611617935608236,0.24476628557666458,0.44452397745148897,0.5155543054491099,0.4656404737791897,0.3838214659310394,0.6181328448391401,0.6479556607913729,1.0,0.7513871786046631,0.6524099810766301,0.606114339534056,0.5614337285533391,0.5830819253357165,0.4882825332958922
0.26514422349169897,0.2599420239913352,0.23574026468419712,0.2876537978719104,0.2218085545161128,0.3193629334621829,0.12615301517448096,0.1912764660997147,0.2257720199986859,0.2206297837215948,0.19188514722283917,0.35335886767000724,0.39811043954074976,0.3713813541525748,0.2784134000640667,0.4649487874141447,0.4664536378205161,0.7513871786046631,1.0,0.7838119237889734,0.6486904909857069,0.6051968232922038,0.6187294338925193,0.5731218281053418
0.2430436627136369,0.22402215016684612,0.21552913828487397,0.2385096802432518,0.20439572371299708,0.2889476066139556,0.10871681033399574,0.17095281053372552,0.17726763089329003,0.1437125524333503,0.1608560972708667,0.3045186597354812,0.3568404375145971,0.32095253964073567,0.23995053330742916,0.41995889766681604,0.39612505488874183,0.65240998107663,0.7838119237889734,1.0,0.7735546831801927,0.6860687257983282,0.6650147425894252,0.6566773685751197
0.2638479310765882,0.27101210035064605,0.2341740523866599,0.28359165850833257,0.1876216655325374,0.3115274539526701,0.11520938493333653,0.16167093817345057,0.19515947001820055,0.15507442468338714,0.15855540212632493,0.2962713476901125,0.3644557405717727,0.3162268010684427,0.26095362158872504,0.41814875822705444,0.41082490204734917,0.6061143395340559,0.6486904909857069,0.7735546831801927,1.0,0.7940331314739612,0.6946127381843807,0.7315008701088245
0.2648582063980104,0.27106219192722636,0.2172639577708752,0.2693310633406829,0.16838275719005322,0.29535755973276784,0.10807604307270026,0.17345092407474666,0.16737916963458804,0.15555017946308008,0.17134139628519177,0.3355420070294033,0.38619038930666255,0.33359307129605603,0.2600976841460799,0.36321065579285805,0.3842768410694798,0.5614337285533391,0.6051968232922038,0.6860687257983282,0.7940331314739612,1.0,0.8027743088978622,0.5766721530994429
0.27125070591278344,0.27528050772908086,0.23118275319097736,0.29142671960463945,0.2060689732935126,0.29777443788895025,0.11217289747867773,0.17937935553985362,0.18411773170187784,0.17080244009348866,0.15688331651085835,0.34698388313947015,0.4153645165756803,0.3472471058492447,0.27117374522659016,0.37694478595131004,0.4114701433132797,0.5830819253357165,0.6187294338925194,0.6650147425894251,0.6946127381843807,0.8027743088978622,1.0,0.561434121688138
0.18447385617957762,0.1962947962165445,0.18058199920037107,0.19772705200973606,0.14067316541853297,0.2138291631985533,0.09399249704658447,0.1192126526834419,0.14956031557852742,0.11292169966735459,0.12174264705731128,0.23710139475097403,0.2700801272004869,0.2189053893672248,0.1835492671700807,0.3099225291697142,0.3135798648271658,0.48828253329589216,0.5731218281053418,0.6566773685751197,0.7315008701088244,0.5766721530994429,0.561434121688138,1.0
